52 58
84 49
31 45
115 77
116 44
52 56
68 95
106 71
159 62
17 100
85 97
108 78
161 62
157 33
18 13
165 54
108 26
70 34
22 98
33 19
170 74
148 45
127 73
95 83
110 32
103 67
89 75
28 44
191 57
105 87
132 66
183 36
77 58
18 58
30 35
67 64
200 20
17 85
85 100
140 60
71 79
85 36
168 35
68 95
53 97
119 23
141 63
77 74
26 41
106 57
173 20
89 96
127 85
107 27
20 13
189 75
196 88
146 62
102 56
169 36
132 22
75 75
100 44
10 52
113 55
33 10
189 51
191 10
87 52
63 29
74 52
48 46
157 70
51 37
56 73
168 59
170 83
108 50
200 65
45 87
75 37
96 93
97 54
43 29
35 78
109 91
140 99
144 77
140 55
56 50
53 13
80 94
11 91
107 47
123 27
144 21
101 22
68 51
94 72
24 79
74 67
177 51
140 76
142 43
62 14
190 47
14 25
30 15
105 59
112 14
112 47
168 95
68 81
126 91
146 92
91 58
61 58
121 50
105 95
15 96
56 12
65 60
187 98
126 91
162 98
85 80
10 63
176 32
28 28
32 99
76 26
123 41
69 84
114 59
95 33
98 59
71 66
79 82
162 62
187 37
174 18
162 69
154 53
16 22
185 60
192 72
34 62
89 48
116 48
45 73
172 47
53 42
185 18
109 26
135 48
142 70
10 72
103 66
166 98
34 10
50 44
56 10
43 67
133 35
177 31
77 22
152 57
121 91
104 22
160 93
110 96
72 70
76 89
141 25
160 37
70 51
157 33
188 59
114 31
20 56
153 65
147 41
152 90
59 98
151 54
37 69
120 32
110 95
81 12
23 81
42 79
181 48
69 33
158 91
27 31
13 31
53 11
72 24
17 10
183 65
62 30
200 20
58 41
135 81
103 93
163 53
172 34
197 14
53 68
50 96
15 92
37 45
191 43
76 47
194 79
155 100
194 79
61 38
72 50
162 34
97 45
45 24
148 60
57 73
194 74
167 92
126 79
67 67
162 58
26 43
200 24
195 78
60 68
177 65
84 49
189 22
63 58
49 28
43 88
199 96
156 43
116 25
112 62
38 65
14 83
158 54
131 51
144 55
46 73
138 55
21 16
197 25
94 88
114 48
189 65
39 72
160 46
19 54
159 32
85 31
54 76
160 70
24 46
127 47
81 12
132 83
30 51
173 51
55 95
82 48
31 61
27 28
177 19
46 65
97 20
155 80
190 26
43 65
113 61
167 58
32 95
97 62
89 95
133 36
177 71
156 50
124 53
58 69
184 94
10 82
57 68
94 62
106 17
80 77
84 25
80 60
155 21
42 12
79 25
31 38
163 35
61 86
158 81
164 87
122 70
177 48
69 63
200 47
123 73
188 60
35 43
197 23
73 43
85 86
117 10
61 32
108 16
117 26
39 74
169 69
84 23
181 28
20 90
140 28
61 59
31 70
86 89
132 43
76 69
140 64
135 61
83 24
128 79
122 40
191 100
94 21
147 69
170 20
17 87
115 22
105 58
111 17
68 54
101 54
136 50
123 63
200 34
196 55
158 28
197 40
85 64
134 71
76 63
149 22
62 93
164 70
21 61
84 12
158 22
194 93
170 36
22 93
107 77
165 71
10 65
43 69
69 71
192 98
88 81
88 88
18 91
96 55
112 90
164 14
131 29
41 58
14 13
61 21
120 73
56 69
114 40
66 79
158 63
200 95
170 23
63 89
25 72
128 65
196 21
17 84
89 35
129 36
125 77
26 21
196 55
25 44
123 13
150 69
156 30
134 58
18 85
141 13
168 71
188 24
55 10
101 38
160 15
161 47
159 82
26 93
164 35
46 34
55 62
10 41
110 32
107 42
117 44
112 69
176 31
163 61
198 62
178 83
116 79
145 51
161 79
131 75
12 80
157 89
167 27
28 25
176 22
105 92
27 48
116 19
79 24
77 64
78 20
59 69
200 63
71 35
198 48
58 17
196 90
151 14
42 29
102 86
134 12
40 16
200 11
146 95
188 47
41 19
68 15
152 76
110 16
22 72
156 99
81 96
55 68
56 81
159 43
91 14
194 81
162 19
16 33
33 26
121 30
130 46
116 34
68 10
82 15
191 17
179 67
94 26
100 48
120 51
155 51
33 14
83 38
97 31
172 79
165 99
52 32
62 87
76 87
13 65
34 70
160 89
161 24
149 18
104 95
192 71
74 73
52 22
43 80
107 28
184 21
169 82
180 96
115 29
121 89
182 15
127 20
26 99
193 23
68 41
144 96
20 18
158 53
152 92
44 59
189 85
124 43
17 23
76 64
104 43
157 11
196 18
142 94
40 27
55 94
188 72
24 68
145 11
37 46
111 36
84 52
190 36
28 68
137 18
78 33
102 57
28 10
48 76
187 10
99 11
38 71
23 12
127 50
198 66
69 48
195 30
167 37
117 95
190 59
108 79
84 48
107 26
30 84
114 19
182 48
61 73
142 13
174 86
143 81
27 52
22 74
64 25
151 35
127 52
127 66
131 62
82 99
181 99
63 87
101 78
180 44
108 34
163 86
83 52
20 74
39 50
117 58
189 78
72 86
88 79
80 95
74 20
192 85
118 97
95 54
97 53
48 59
194 54
48 20
65 91
30 39
74 69
153 77
28 82
11 79
146 90
170 67
64 46
181 31
100 26
55 72
73 19
171 63
88 87
174 42
185 19
89 85
60 39
107 23
146 44
78 84
95 31
120 33
126 59
116 63
78 21
157 37
132 98
62 69
52 67
160 11
114 39
141 13
15 17
107 83
98 86
174 33
72 53
187 48
187 10
177 85
139 62
86 66
41 56
161 18
140 78
55 13
95 25
29 77
50 71
185 31
141 89
81 55
133 53
126 24
116 47
80 84
140 50
64 39
81 54
119 49
10 29
190 42
170 45
107 17
88 35
116 13
198 32
50 37
45 47
141 78
79 79
59 83
155 96
44 100
11 82
109 47
194 27
70 47
108 12
105 44
142 32
154 20
52 19
147 51
130 62
125 58
126 14
183 37
137 49
88 84
17 83
135 15
62 36
57 83
128 44
27 35
127 10
47 71
104 87
20 38
167 73
145 33
160 89
12 22
152 70
97 94
142 86
123 86
135 23
117 43
96 10
97 72
45 50
77 15
40 95
171 22
167 63
125 87
113 77
159 23
139 63
185 94
98 76
27 28
179 89
154 25
30 75
101 67
180 66
131 91
60 39
172 78
90 54
80 67
176 75
47 65
70 46
70 64
85 45
79 100
24 77
56 58
164 50
19 63
142 95
141 19
30 26
90 11
66 71
70 100
183 85
106 21
64 64
30 94
100 28
94 30
188 28
103 12
126 67
132 23
143 90
46 89
32 72
40 14
21 83
142 71
19 61
111 45
189 82
109 36
165 48
168 32
130 14
108 67
78 64
92 19
164 39
107 64
51 61
14 50
97 90
135 59
80 71
164 50
87 96
151 15
76 88
148 66
143 27
82 27
101 49
130 67
193 41
105 97
51 66
72 77
102 84
127 99
70 92
156 46
174 35
148 17
140 63
158 20
189 19
106 35
49 93
33 25
30 25
164 72
113 10
176 93
84 21
179 34
100 57
27 82
21 33
56 46
119 77
18 87
168 16
33 39
15 58
87 27
34 46
94 25
107 21
15 24
159 58
41 35
138 91
21 53
115 61
31 35
143 87
74 100
113 100
82 27
33 73
195 76
104 98
74 66
185 48
91 95
128 75
103 87
200 77
25 36
124 26
167 36
177 62
68 30
127 87
135 14
101 25
121 76
119 87
137 78
122 84
125 87
119 11
146 41
52 96
123 68
165 24
76 20
17 97
149 44
128 85
168 25
52 23
100 73
136 46
25 58
62 50
185 94
136 69
42 16
82 79
149 89
147 25
98 85
130 29
66 44
122 56
118 30
62 85
118 25
153 28
16 15
87 72
44 32
189 37
174 83
150 48
50 82
115 73
151 68
26 83
193 63
121 72
96 95
60 78
80 13
109 14
76 72
10 10
76 39
187 98
87 56
167 80
157 46
158 89
56 30
31 52
163 73
123 38
73 44
23 69
111 54
99 99
48 19
117 48
111 82
129 65
195 41
176 64
89 99
97 73
167 36
73 21
188 37
129 65
191 12
164 74
147 77
156 46
34 30
123 10
192 63
21 79
181 88
181 19
41 93
54 84
145 80
167 20
126 61
147 30
114 42
68 22
69 59
66 88
100 29
92 12
180 93
40 91
131 80
24 79
127 17
30 80
101 16
123 82
52 85
61 77
100 31
44 46
142 79
67 21
127 45
156 19
152 26
98 16
34 96
81 29
24 42
32 63
107 65
184 14
128 60
58 33
35 81
132 50
110 52
18 36
21 55
68 28
21 16
170 37
138 72
180 45
175 15
47 52
137 25
126 77
101 62
37 14
147 43
81 29
186 11
60 75
76 40
118 35
85 62
50 17
163 48
32 42
97 70
179 88
22 94
72 21
190 12
172 69
